326
1 14 2 27 10 0.8
1 14 2 27 13 0.8
1 14 2 27 18 0.8
2 27 1 14 7 0.8
2 27 1 14 12 0.8
2 27 1 14 16 0.8
1 0 2 51 6.0 2.2
1 0 2 51 6.1 2.2
1 0 2 51 6.2 2.2
1 0 2 51 6.3 2.2
1 0 2 51 6.4 2.2
1 0 2 51 6.5 2.2
1 0 2 51 6.6 2.2
1 0 2 51 6.7 2.2
1 0 2 51 6.8 2.2
1 0 2 51 6.9 2.2
1 0 2 51 7.0 2.2
1 0 2 51 7.1 2.2
1 0 2 51 7.2 2.2
1 0 2 51 7.3 2.2
1 0 2 51 7.4 2.2
1 0 2 51 7.5 2.2
1 0 2 51 7.6 2.2
1 0 2 51 7.7 2.2
1 0 2 51 7.8 2.2
1 0 2 51 7.9 2.2
1 0 2 51 8.0 2.2
1 0 2 51 8.1 2.2
1 0 2 51 8.2 2.2
1 0 2 51 8.3 2.2
1 0 2 51 8.4 2.2
1 0 2 51 8.5 2.2
1 0 2 51 8.6 2.2
1 0 2 51 8.7 2.2
1 0 2 51 8.8 2.2
1 0 2 51 8.9 2.2
1 0 2 51 9.0 2.2
1 0 2 51 9.1 2.2
1 0 2 51 9.2 2.2
1 0 2 51 9.3 2.2
1 0 2 51 9.4 2.2
1 0 2 51 9.5 2.2
1 0 2 51 9.6 2.2
1 0 2 51 9.7 2.2
1 0 2 51 9.8 2.2
1 0 2 51 9.9 2.2
1 0 2 51 10.0 2.2
1 0 2 51 10.1 2.2
1 0 2 51 10.2 2.2
1 0 2 51 10.3 2.2
1 0 2 51 10.4 2.2
1 0 2 51 10.5 2.2
1 0 2 51 10.6 2.2
1 0 2 51 10.7 2.2
1 0 2 51 10.8 2.2
1 0 2 51 10.9 2.2
1 0 2 51 11.0 2.2
1 0 2 51 11.1 2.2
1 0 2 51 11.2 2.2
1 0 2 51 11.3 2.2
1 0 2 51 11.4 2.2
1 0 2 51 11.5 2.2
1 0 2 51 11.6 2.2
1 0 2 51 11.7 2.2
1 0 2 51 11.8 2.2
1 0 2 51 11.9 2.2
1 0 2 51 12.0 2.2
1 0 2 51 12.1 2.2
1 0 2 51 12.2 2.2
1 0 2 51 12.3 2.2
1 0 2 51 12.4 2.2
1 0 2 51 12.5 2.2
1 0 2 51 12.6 2.2
1 0 2 51 12.7 2.2
1 0 2 51 12.8 2.2
1 0 2 51 12.9 2.2
1 0 2 51 13.0 2.2
1 0 2 51 13.1 2.2
1 0 2 51 13.2 2.2
1 0 2 51 13.3 2.2
1 0 2 51 13.4 2.2
1 0 2 51 13.5 2.2
1 0 2 51 13.6 2.2
1 0 2 51 13.7 2.2
1 0 2 51 13.8 2.2
1 0 2 51 13.9 2.2
1 0 2 51 14.0 2.2
1 0 2 51 14.1 2.2
1 0 2 51 14.2 2.2
1 0 2 51 14.3 2.2
1 0 2 51 14.4 2.2
1 0 2 51 14.5 2.2
1 0 2 51 14.6 2.2
1 0 2 51 14.7 2.2
1 0 2 51 14.8 2.2
1 0 2 51 14.9 2.2
1 0 2 51 15.0 2.2
1 0 2 51 15.1 2.2
1 0 2 51 15.2 2.2
1 0 2 51 15.3 2.2
1 0 2 51 15.4 2.2
1 0 2 51 15.5 2.2
1 0 2 51 15.6 2.2
1 0 2 51 15.7 2.2
1 0 2 51 15.8 2.2
1 0 2 51 15.9 2.2
1 0 2 51 16.0 2.2
1 0 2 51 16.1 2.2
1 0 2 51 16.2 2.2
1 0 2 51 16.3 2.2
1 0 2 51 16.4 2.2
1 0 2 51 16.5 2.2
1 0 2 51 16.6 2.2
1 0 2 51 16.7 2.2
1 0 2 51 16.8 2.2
1 0 2 51 16.9 2.2
1 0 2 51 17.0 2.2
1 0 2 51 17.1 2.2
1 0 2 51 17.2 2.2
1 0 2 51 17.3 2.2
1 0 2 51 17.4 2.2
1 0 2 51 17.5 2.2
1 0 2 51 17.6 2.2
1 0 2 51 17.7 2.2
1 0 2 51 17.8 2.2
1 0 2 51 17.9 2.2
1 0 2 51 18.0 2.2
1 0 2 51 18.1 2.2
1 0 2 51 18.2 2.2
1 0 2 51 18.3 2.2
1 0 2 51 18.4 2.2
1 0 2 51 18.5 2.2
1 0 2 51 18.6 2.2
1 0 2 51 18.7 2.2
1 0 2 51 18.8 2.2
1 0 2 51 18.9 2.2
1 0 2 51 19.0 2.2
1 0 2 51 19.1 2.2
1 0 2 51 19.2 2.2
1 0 2 51 19.3 2.2
1 0 2 51 19.4 2.2
1 0 2 51 19.5 2.2
1 0 2 51 19.6 2.2
1 0 2 51 19.7 2.2
1 0 2 51 19.8 2.2
1 0 2 51 19.9 2.2
1 0 2 51 20.0 2.2
1 0 2 51 20.1 2.2
1 0 2 51 20.2 2.2
1 0 2 51 20.3 2.2
1 0 2 51 20.4 2.2
1 0 2 51 20.5 2.2
1 0 2 51 20.6 2.2
1 0 2 51 20.7 2.2
1 0 2 51 20.8 2.2
1 0 2 51 20.9 2.2
1 0 2 51 21.0 2.2
1 0 2 51 21.1 2.2
1 0 2 51 21.2 2.2
1 0 2 51 21.3 2.2
1 0 2 51 21.4 2.2
1 0 2 51 21.5 2.2
1 0 2 51 21.6 2.2
1 0 2 51 21.7 2.2
1 0 2 51 21.8 2.2
1 0 2 51 21.9 2.2
2 51 1 0 6.0 2.2
2 51 1 0 6.1 2.2
2 51 1 0 6.2 2.2
2 51 1 0 6.3 2.2
2 51 1 0 6.4 2.2
2 51 1 0 6.5 2.2
2 51 1 0 6.6 2.2
2 51 1 0 6.7 2.2
2 51 1 0 6.8 2.2
2 51 1 0 6.9 2.2
2 51 1 0 7.0 2.2
2 51 1 0 7.1 2.2
2 51 1 0 7.2 2.2
2 51 1 0 7.3 2.2
2 51 1 0 7.4 2.2
2 51 1 0 7.5 2.2
2 51 1 0 7.6 2.2
2 51 1 0 7.7 2.2
2 51 1 0 7.8 2.2
2 51 1 0 7.9 2.2
2 51 1 0 8.0 2.2
2 51 1 0 8.1 2.2
2 51 1 0 8.2 2.2
2 51 1 0 8.3 2.2
2 51 1 0 8.4 2.2
2 51 1 0 8.5 2.2
2 51 1 0 8.6 2.2
2 51 1 0 8.7 2.2
2 51 1 0 8.8 2.2
2 51 1 0 8.9 2.2
2 51 1 0 9.0 2.2
2 51 1 0 9.1 2.2
2 51 1 0 9.2 2.2
2 51 1 0 9.3 2.2
2 51 1 0 9.4 2.2
2 51 1 0 9.5 2.2
2 51 1 0 9.6 2.2
2 51 1 0 9.7 2.2
2 51 1 0 9.8 2.2
2 51 1 0 9.9 2.2
2 51 1 0 10.0 2.2
2 51 1 0 10.1 2.2
2 51 1 0 10.2 2.2
2 51 1 0 10.3 2.2
2 51 1 0 10.4 2.2
2 51 1 0 10.5 2.2
2 51 1 0 10.6 2.2
2 51 1 0 10.7 2.2
2 51 1 0 10.8 2.2
2 51 1 0 10.9 2.2
2 51 1 0 11.0 2.2
2 51 1 0 11.1 2.2
2 51 1 0 11.2 2.2
2 51 1 0 11.3 2.2
2 51 1 0 11.4 2.2
2 51 1 0 11.5 2.2
2 51 1 0 11.6 2.2
2 51 1 0 11.7 2.2
2 51 1 0 11.8 2.2
2 51 1 0 11.9 2.2
2 51 1 0 12.0 2.2
2 51 1 0 12.1 2.2
2 51 1 0 12.2 2.2
2 51 1 0 12.3 2.2
2 51 1 0 12.4 2.2
2 51 1 0 12.5 2.2
2 51 1 0 12.6 2.2
2 51 1 0 12.7 2.2
2 51 1 0 12.8 2.2
2 51 1 0 12.9 2.2
2 51 1 0 13.0 2.2
2 51 1 0 13.1 2.2
2 51 1 0 13.2 2.2
2 51 1 0 13.3 2.2
2 51 1 0 13.4 2.2
2 51 1 0 13.5 2.2
2 51 1 0 13.6 2.2
2 51 1 0 13.7 2.2
2 51 1 0 13.8 2.2
2 51 1 0 13.9 2.2
2 51 1 0 14.0 2.2
2 51 1 0 14.1 2.2
2 51 1 0 14.2 2.2
2 51 1 0 14.3 2.2
2 51 1 0 14.4 2.2
2 51 1 0 14.5 2.2
2 51 1 0 14.6 2.2
2 51 1 0 14.7 2.2
2 51 1 0 14.8 2.2
2 51 1 0 14.9 2.2
2 51 1 0 15.0 2.2
2 51 1 0 15.1 2.2
2 51 1 0 15.2 2.2
2 51 1 0 15.3 2.2
2 51 1 0 15.4 2.2
2 51 1 0 15.5 2.2
2 51 1 0 15.6 2.2
2 51 1 0 15.7 2.2
2 51 1 0 15.8 2.2
2 51 1 0 15.9 2.2
2 51 1 0 16.0 2.2
2 51 1 0 16.1 2.2
2 51 1 0 16.2 2.2
2 51 1 0 16.3 2.2
2 51 1 0 16.4 2.2
2 51 1 0 16.5 2.2
2 51 1 0 16.6 2.2
2 51 1 0 16.7 2.2
2 51 1 0 16.8 2.2
2 51 1 0 16.9 2.2
2 51 1 0 17.0 2.2
2 51 1 0 17.1 2.2
2 51 1 0 17.2 2.2
2 51 1 0 17.3 2.2
2 51 1 0 17.4 2.2
2 51 1 0 17.5 2.2
2 51 1 0 17.6 2.2
2 51 1 0 17.7 2.2
2 51 1 0 17.8 2.2
2 51 1 0 17.9 2.2
2 51 1 0 18.0 2.2
2 51 1 0 18.1 2.2
2 51 1 0 18.2 2.2
2 51 1 0 18.3 2.2
2 51 1 0 18.4 2.2
2 51 1 0 18.5 2.2
2 51 1 0 18.6 2.2
2 51 1 0 18.7 2.2
2 51 1 0 18.8 2.2
2 51 1 0 18.9 2.2
2 51 1 0 19.0 2.2
2 51 1 0 19.1 2.2
2 51 1 0 19.2 2.2
2 51 1 0 19.3 2.2
2 51 1 0 19.4 2.2
2 51 1 0 19.5 2.2
2 51 1 0 19.6 2.2
2 51 1 0 19.7 2.2
2 51 1 0 19.8 2.2
2 51 1 0 19.9 2.2
2 51 1 0 20.0 2.2
2 51 1 0 20.1 2.2
2 51 1 0 20.2 2.2
2 51 1 0 20.3 2.2
2 51 1 0 20.4 2.2
2 51 1 0 20.5 2.2
2 51 1 0 20.6 2.2
2 51 1 0 20.7 2.2
2 51 1 0 20.8 2.2
2 51 1 0 20.9 2.2
2 51 1 0 21.0 2.2
2 51 1 0 21.1 2.2
2 51 1 0 21.2 2.2
2 51 1 0 21.3 2.2
2 51 1 0 21.4 2.2
2 51 1 0 21.5 2.2
2 51 1 0 21.6 2.2
2 51 1 0 21.7 2.2
2 51 1 0 21.8 2.2
2 51 1 0 21.9 2.2