2
39 200
0 1 50 1 0.8634
0 2 170 1 0.8836
0 28 317 1 0.9029
1 28 249 1 0.2767
2 28 102 1 0.2707
3 28 43 1 0.1130
1 2 384 1 0.3479
28 32 95 1 0.4659
32 21 64 0 0.5306
21 33 64 0 0.0200
32 33 126 1 0.4409
28 4 98 1 0.9131
28 5 74 0 0.3102
5 22 64 0 0.8731
5 23 33 0 0.4950
5 24 89 0 0.5833
5 25 163 0 0.3144
28 29 137 1 0.9643
29 33 102 1 0.9238
6 8 69 1 0.6314
7 10 60 1 0.4151
11 10 23 0 0.2519
29 31 167 1 0.7768
7 30 53 1 0.5223
6 7 18 0 0.8560
16 31 51 1 0.4027
19 36 53 1 0.9114
25 26 58 0 0.0730
25 26 81 1 0.2844
24 25 56 1 0.3910
23 24 54 1 0.5269
22 23 59 1 0.6462
29 22 41 1 0.1010
13 26 28 1 0.6022
25 13 74 1 0.7037
26 37 252 1 0.3659
25 37 201 1 .1313
27 30 385 1 0.7262
24 38 229 1 0.4351
37 38 114 1 0.5464
23 25 104 1 0.4938
23 25 132 0 0.9472
22 28 217 1 0.6584
7 11 53 1 0.1945
10 31 56 1 0.5772
10 16 56 1 0.4127
8 16 98 1 0.2803
14 15 53 0 0.0551
14 19 42 1 0.0542
8 35 38 1 0.6708
33 35 151 1 0.2147
34 30 85 1 0.8332
21 9 98 0 0.3279
9 35 111 0 0.6941
4 21 67 0 0.6761
32 3 105 1 0.5034
21 3 78 1 0.0285
21 3 108 1 0.7316
3 4 46 1 0.3932
4 21 76 1 0.2564
3 7 155 1 0.4524
38 14 71 1 0.5247
38 15 71 1 0.9054
20 38 191 1 0.2301
19 20 69 1 0.5375
26 27 174 0 0.3056
37 20 217 1 0.5820
19 17 161 0 0.4903
17 19 196 1 0.6590
36 19 50 1 0.2186
14 16 81 1 0.3209
16 31 55 1 0.2526
31 35 100 1 0.3407
10 31 66 0 0.5390
10 31 60 1 0.8370
30 31 94 1 0.1377
7 30 65 1 0.5927
29 33 103 1 0.8205
30 33 146 1 0.8815
29 30 61 1 0.5182
7 34 31 1 0.1526
17 35 126 1 0.3377
16 17 106 0 0.4636
16 17 149 1 0.5180
14 31 53 1 0.3570
31 38 110 1 0.3289
31 36 169 1 0.3307
10 35 45 1 0.6339
20 37 313 1 0.2837
14 20 72 1 0.6876
15 19 119 1 0.4268
15 20 133 1 0.2575
16 36 171 1 0.7284
9 17 224 1 0.8117
9 34 80 1 0.6864
21 34 102 1 0.6120
11 34 67 1 0.3489
5 26 181 0 0.4062
6 33 41 1 0.6553
6 8 70 1 0.4125
6 10 60 1 0.5857
6 11 72 1 0.3606
6 9 100 0 0.8133
9 34 75 0 0.3802
8 9 108 0 0.0922
9 33 109 0 0.6264
9 16 132 0 0.5260
9 36 377 0 0.4643
7 33 32 1 0.1215
21 33 45 0 0.7123
4 33 77 0 0.1466
4 33 92 1 0.3576
4 29 86 0 0.8518
4 29 128 1 0.0850
4 32 78 0 0.3856
4 32 112 1 0.9572
1 3 299 1 0.5401
2 5 172 1 0.4740
3 5 144 1 0.6962
4 5 147 0 0.7995
5 29 144 0 0.6556
5 12 109 0 0.8937
6 35 108 1 0.9701
7 8 59 1 0.4541
7 9 110 0 0.7081
7 31 127 1 0.6691
8 10 21 1 0.8993
8 11 75 0 0.2959
8 34 32 1 0.5049
8 17 164 1 0.8767
12 23 22 1 0.0740
12 22 29 1 0.4201
12 24 85 1 0.2246
12 28 163 1 0.8353
12 13 236 1 0.8307
26 13 10 1 0.3550
25 13 85 1 0.3366
13 27 161 1 0.0501
12 38 166 0 0.9065
12 14 176 0 0.8434
12 29 70 1 0.0186
17 18 54 1 0.2390
18 14 85 1 0.1421
18 31 89 1 0.8127
18 16 78 0 0.6379
18 36 76 1 0.7957
18 19 126 1 0.9793
18 35 101 1 0.2863
11 14 115 1 0.6190
20 36 121 1 0.9003
18 20 127 1 0.2987
17 14 134 1 0.4442
31 34 175 1 0.7862
8 31 114 1 0.0295
11 31 85 1 0.7290
9 31 201 0 0.0282
15 31 106 1 0.2053
17 31 173 1 0.7152
31 36 169 1 0.0706
25 26 41 0 0.4518
33 34 66 1 0.5749
7 29 70 1 0.7326
11 30 35 1 0.2689
10 30 49 1 0.8484
22 30 76 1 0.7012
12 30 94 1 0.0634
14 30 132 1 0.9114
16 30 129 1 0.3928
6 34 26 1 0.5060
10 34 36 1 0.8841
34 35 82 1 0.7302
11 35 129 1 0.7991
16 35 69 1 0.4018
12 31 198 0 0.6349
12 31 210 1 0.3914
36 38 291 1 0.8643
36 37 407 1 0.6132
36 14 85 1 0.1071
36 15 150 1 0.2488
36 17 101 1 0.1058
23 38 173 1 0.3164
37 38 112 1 0.7361
13 37 224 1 0.8632
24 37 241 1 0.1580
27 37 79 1 0.9263
25 27 254 1 0.7598
20 27 307 1 0.9519
19 27 449 1 0.7675
27 36 507 1 0.9638
22 24 97 1 0.7882
24 26 164 1 0.8718
24 26 109 0 0.1974
13 24 154 1 0.5156
13 22 266 1 0.8167
13 29 300 1 0.8885
5 13 276 0 0.8783
5 13 498 1 0.3130
23 26 220 1 0.9000
23 26 168 1 0.7410
15 16 122 0 0.0854
65 300
1 58 56 1 0.4786
1 48 142 1 0.2992
1 46 152 1 0.0155
1 47 177 1 0.7986
1 45 113 1 0.2672
1 43 212 1 0.1098
1 44 169 1 0.4417
1 2 43 0 0.1069
1 3 48 1 0.8820
1 4 106 1 0.5582
1 5 103 1 0.7927
1 6 172 0 0.0416
58 53 62 1 0.6905
58 59 129 1 0.2968
58 48 147 1 0.4911
58 45 56 1 0.4319
58 46 149 1 0.6751
58 47 112 1 0.2010
58 43 183 1 0.1238
58 44 113 1 0.0338
58 2 60 0 0.4843
58 3 16 1 0.3948
58 4 130 1 0.3649
58 5 31 1 0.3244
58 6 93 0 0.6860
53 52 147 1 0.3968
53 54 56 1 0.0335
53 60 123 1 0.5333
53 43 117 1 0.3966
53 44 46 1 0.3060
53 46 159 0 0.7586
53 46 169 1 0.7004
53 47 142 1 0.6648
53 45 55 0 0.4580
53 45 75 1 0.5245
53 48 173 1 0.3220
53 5 41 1 0.8610
53 6 61 0 0.4133
53 42 156 1 0.6211
53 40 146 0 0.7006
53 41 81 1 0.9164
53 38 162 0 0.2796
53 38 198 1 0.1275
53 37 116 1 0.9576
53 39 218 1 0.6443
53 13 30 1 0.0364
53 7 58 1 0.6986
53 14 53 0 0.6712
53 14 85 1 0.0394
54 61 124 1 0.1049
54 55 106 1 0.0832
54 40 115 1 0.7644
54 41 41 1 0.9766
54 52 181 1 0.0649
54 43 130 0 0.7085
54 44 73 0 0.1138
54 42 175 0 0.5168
54 39 156 1 0.6530
54 38 132 1 0.1767
54 37 64 1 0.4717
54 35 194 1 0.8118
54 36 114 1 0.4328
54 13 42 0 0.9762
54 13 64 1 0.2417
54 14 26 1 0.9857
54 7 86 0 0.1158
54 7 110 1 0.2840
54 16 66 0 0.3839
54 16 90 1 0.9320
55 34 149 1 0.4762
55 56 75 1 0.0466
55 62 126 1 0.7224
55 39 201 0 0.4865
55 39 230 1 0.0422
55 38 128 1 0.9836
55 37 59 1 0.7749
55 36 40 1 0.4396
55 35 108 1 0.1026
55 16 72 0 0.3624
55 16 103 1 0.9506
55 31 38 1 0.7756
55 33 68 1 0.4648
55 32 55 1 0.9196
56 34 194 1 0.2376
56 52 201 1 0.8114
56 25 128 0 0.3764
56 57 114 1 0.2047
56 24 135 1 0.4575
56 63 122 1 0.8754
56 31 32 1 0.4109
56 33 73 0 0.0228
56 33 135 1 0.1786
56 32 23 1 0.8916
56 27 249 1 0.3063
56 27 241 0 0.8982
56 26 165 0 0.5566
56 23 135 1 0.1081
57 27 143 1 0.1606
57 64 122 1 0.1586
57 29 92 1 0.2495
57 25 110 0 0.0288
57 52 193 0 0.0071
57 52 197 1 0.9385
57 26 36 1 0.2478
57 28 90 1 0.2356
57 30 76 1 0.0548
57 23 37 1 0.2174
57 24 118 1 0.9928
29 27 211 1 0.0172
29 26 54 1 0.8464
29 28 57 1 0.9105
29 30 15 1 0.7807
29 23 59 1 0.1746
29 22 154 1 0.4030
29 21 274 1 0.3868
29 20 207 1 0.8772
29 19 370 1 0.6405
52 34 151 1 0.5555
52 48 166 1 0.9719
52 46 93 1 0.1077
52 45 157 1 0.8708
52 42 24 1 0.1882
52 43 29 1 0.4685
52 44 85 1 0.2470
52 40 40 1 0.7331
52 41 112 1 0.6679
52 39 51 1 0.9917
52 38 103 1 0.5839
52 37 168 1 0.9626
52 36 216 1 0.1861
52 35 142 1 0.8536
34 39 109 1 0.2250
34 42 176 1 0.2466
34 40 163 1 0.0585
34 41 236 1 0.7456
34 38 91 1 0.2288
34 37 167 1 0.7150
34 35 67 1 0.3085
34 36 143 1 0.1119
34 31 37 1 0.6517
34 25 167 0 0.8529
34 52 144 1 0.5080
34 27 180 1 0.5980
27 25 114 1 0.9492
27 26 42 1 0.6824
27 28 149 1 0.2016
27 30 202 1 0.5681
59 60 60 1 0.6324
59 2 119 0 0.4620
59 3 100 1 0.5425
59 4 45 1 0.3613
59 5 100 1 0.0361
59 6 95 0 0.9848
59 8 28 1 0.2575
59 10 123 0 0.4900
59 10 194 1 0.3079
59 11 114 1 0.9836
59 12 201 0 0.4445
59 12 313 1 0.5031
59 9 134 1 0.2601
60 61 69 1 0.8800
60 5 108 1 0.1814
60 6 59 0 0.0626
60 8 37 1 0.3742
60 10 159 1 0.9030
60 11 49 1 0.6300
60 12 191 1 0.1219
60 13 104 1 0.6781
60 7 58 1 0.4383
60 15 45 1 0.1011
60 14 135 1 0.7743
61 62 71 1 0.5174
61 13 140 0 0.4732
61 7 148 1 0.2070
61 14 84 1 0.4476
61 15 52 1 0.6731
61 8 131 1 0.0040
61 10 268 1 0.6213
61 12 155 1 0.5235
61 11 111 1 0.9822
61 16 52 1 0.9059
61 17 31 1 0.8062
61 18 155 1 0.6379
62 53 188 1 0.7913
62 63 84 1 0.6015
62 16 54 1 0.4414
62 17 46 1 0.5422
62 18 165 1 0.5114
62 33 60 1 0.9775
62 32 55 1 0.3769
62 19 89 1 0.5453
63 64 100 1 0.3906
63 33 101 0 0.2725
63 32 31 1 0.3664
63 19 65 1 0.9886
63 24 69 0 0.0068
63 20 29 1 0.6544
63 21 135 1 0.1496
64 24 66 0 0.6945
64 20 61 1 0.7811
64 21 208 1 0.1944
64 23 52 1 0.1647
64 22 34 0 0.1820
29 51 239 1 0.8297
29 49 27 1 0.5952
29 50 56 1 0.4812
49 51 207 1 0.9125
51 50 184 1 0.7216
29 0 413 1 0.1124
48 46 23 1 0.4998
48 47 34 1 0.5109
48 45 115 1 0.5969
48 43 105 1 0.5473
48 44 112 1 0.9829
46 47 22 0 0.9249
46 45 82 1 0.2101
46 43 44 0 0.2478
46 44 72 1 0.5624
47 45 15 1 0.7791
47 43 28 1 0.3937
47 44 39 1 0.8247
45 43 83 1 0.4373
45 44 55 1 0.6660
43 44 77 1 0.8689
2 3 61 0 0.1501
2 4 56 0 0.4804
3 4 85 1 0.9617
5 6 89 0 0.5568
13 7 48 1 0.2221
13 14 28 0 0.3927
13 15 142 1 0.0257
7 14 94 0 0.4717
7 15 83 1 0.6823
14 15 63 1 0.5963
8 10 106 1 0.4284
8 11 158 1 0.2321
8 12 225 1 0.9520
10 11 215 1 0.8695
10 12 82 1 0.1695
11 12 142 1 0.7839
17 18 228 1 0.4906
40 41 76 1 0.3287
40 38 43 0 0.6033
40 37 111 1 0.1993
40 35 160 1 0.4449
40 36 151 1 0.9478
41 38 105 1 0.4696
41 37 39 0 0.2344
41 35 162 1 0.8976
41 36 154 1 0.1774
38 37 72 1 0.2466
38 36 81 1 0.2861
38 35 18 0 0.9202
37 36 19 0 0.3947
37 35 91 1 0.2940
35 36 74 1 0.6271
32 33 115 1 0.6055
23 24 69 0 0.2490
22 20 116 1 0.3374
22 21 123 1 0.6553
20 21 84 1 0.5911
26 28 54 1 0.3323
23 30 107 1 0.4328
23 22 53 1 0.6065
30 22 121 1 0.9726
30 21 245 1 0.4987
19 21 97 1 0.1169
19 20 40 1 0.9659
19 22 222 1 0.3226
19 30 340 1 0.6209
49 50 37 1 0.7458
45 2 49 0 0.1573
45 3 17 1 0.5221
44 5 29 1 0.2484
39 40 45 0 0.8434
39 38 46 0 0.8931
39 35 103 1 0.5989
41 13 96 1 0.6749
37 16 82 1 0.7184
36 16 93 1 0.8578
31 32 24 1 0.1631
25 24 152 0 0.5871
26 23 23 1 0.5591
32 19 63 0 0.4738
11 15 31 1 0.1195
8 9 102 1 0.0445
12 18 92 1 0.4864
64 22 82 1 0.6882
40 38 105 1 0.8714
41 37 104 1 0.9279
38 35 85 1 0.6550
37 36 83 1 0.0937
32 33 65 0 0.0279
39 40 53 1 0.0621
39 38 49 1 0.3344
10 53 206 1 0.2926
12 53 120 1 0.4757
11 53 195 1 0.0434
18 53 17 1 0.7651
19 53 23 1 0.9655
4
1 14 2 27 0.8
3
10 13 18
2 27 1 14 0.8
3
7 12 16
1 0 2 51 2.2
160
6.0 6.1 6.2 6.3 6.4 6.5 6.6 6.7 6.8 6.9 7.0 7.1 7.2 7.3 7.4 7.5 7.6 7.7 7.8 7.9 8.0 8.1 8.2 8.3 8.4 8.5 8.6 8.7 8.8 8.9 9.0 9.1 9.2 9.3 9.4 9.5 9.6 9.7 9.8 9.9 10.0 10.1 10.2 10.3 10.4 10.5 10.6 10.7 10.8 10.9 11.0 11.1 11.2 11.3 11.4 11.5 11.6 11.7 11.8 11.9 12.0 12.1 12.2 12.3 12.4 12.5 12.6 12.7 12.8 12.9 13.0 13.1 13.2 13.3 13.4 13.5 13.6 13.7 13.8 13.9 14.0 14.1 14.2 14.3 14.4 14.5 14.6 14.7 14.8 14.9 15.0 15.1 15.2 15.3 15.4 15.5 15.6 15.7 15.8 15.9 16.0 16.1 16.2 16.3 16.4 16.5 16.6 16.7 16.8 16.9 17.0 17.1 17.2 17.3 17.4 17.5 17.6 17.7 17.8 17.9 18.0 18.1 18.2 18.3 18.4 18.5 18.6 18.7 18.8 18.9 19.0 19.1 19.2 19.3 19.4 19.5 19.6 19.7 19.8 19.9 20.0 20.1 20.2 20.3 20.4 20.5 20.6 20.7 20.8 20.9 21.0 21.1 21.2 21.3 21.4 21.5 21.6 21.7 21.8 21.9
2 51 1 0 6.0 2.2
160
6.0 6.1 6.2 6.3 6.4 6.5 6.6 6.7 6.8 6.9 7.0 7.1 7.2 7.3 7.4 7.5 7.6 7.7 7.8 7.9 8.0 8.1 8.2 8.3 8.4 8.5 8.6 8.7 8.8 8.9 9.0 9.1 9.2 9.3 9.4 9.5 9.6 9.7 9.8 9.9 10.0 10.1 10.2 10.3 10.4 10.5 10.6 10.7 10.8 10.9 11.0 11.1 11.2 11.3 11.4 11.5 11.6 11.7 11.8 11.9 12.0 12.1 12.2 12.3 12.4 12.5 12.6 12.7 12.8 12.9 13.0 13.1 13.2 13.3 13.4 13.5 13.6 13.7 13.8 13.9 14.0 14.1 14.2 14.3 14.4 14.5 14.6 14.7 14.8 14.9 15.0 15.1 15.2 15.3 15.4 15.5 15.6 15.7 15.8 15.9 16.0 16.1 16.2 16.3 16.4 16.5 16.6 16.7 16.8 16.9 17.0 17.1 17.2 17.3 17.4 17.5 17.6 17.7 17.8 17.9 18.0 18.1 18.2 18.3 18.4 18.5 18.6 18.7 18.8 18.9 19.0 19.1 19.2 19.3 19.4 19.5 19.6 19.7 19.8 19.9 20.0 20.1 20.2 20.3 20.4 20.5 20.6 20.7 20.8 20.9 21.0 21.1 21.2 21.3 21.4 21.5 21.6 21.7 21.8 21.9