0 1 50 1 0.8634
0 2 170 1 0.8836
0 28 317 1 0.9029
1 28 249 1 0.2767
2 28 102 1 0.2707
3 28 43 1 0.1130
1 2 384 1 0.3479
28 32 95 1 0.4659
32 21 64 0 0.5306
21 33 64 0 0.0200
32 33 126 1 0.4409
28 4 98 1 0.9131
28 5 74 0 0.3102
5 22 64 0 0.8731
5 23 33 0 0.4950
5 24 89 0 0.5833
5 25 163 0 0.3144
28 29 137 1 0.9643
29 33 102 1 0.9238
6 8 69 1 0.6314
7 10 60 1 0.4151
11 10 23 0 0.2519
29 31 167 1 0.7768
7 30 53 1 0.5223
6 7 18 0 0.8560
16 31 51 1 0.4027
19 36 53 1 0.9114
25 26 58 0 0.0730
25 26 81 1 0.2844
24 25 56 1 0.3910
23 24 54 1 0.5269
22 23 59 1 0.6462
29 22 41 1 0.1010
13 26 28 1 0.6022
25 13 74 1 0.7037
26 37 252 1 0.3659
25 37 201 1 .1313
27 30 385 1 0.7262
24 38 229 1 0.4351
37 38 114 1 0.5464
23 25 104 1 0.4938
23 25 132 0 0.9472
22 28 217 1 0.6584
7 11 53 1 0.1945
10 31 56 1 0.5772
10 16 56 1 0.4127
8 16 98 1 0.2803
14 15 53 0 0.0551
14 19 42 1 0.0542
8 35 38 1 0.6708
33 35 151 1 0.2147
34 30 85 1 0.8332
21 9 98 0 0.3279
9 35 111 0 0.6941
4 21 67 0 0.6761
32 3 105 1 0.5034
21 3 78 1 0.0285
21 3 108 1 0.7316
3 4 46 1 0.3932
4 21 76 1 0.2564
3 7 155 1 0.4524
38 14 71 1 0.5247
38 15 71 1 0.9054
20 38 191 1 0.2301
19 20 69 1 0.5375
26 27 174 0 0.3056
37 20 217 1 0.5820
19 17 161 0 0.4903
17 19 196 1 0.6590
36 19 50 1 0.2186
14 16 81 1 0.3209
16 31 55 1 0.2526
31 35 100 1 0.3407
10 31 66 0 0.5390
10 31 60 1 0.8370
30 31 94 1 0.1377
7 30 65 1 0.5927
29 33 103 1 0.8205
30 33 146 1 0.8815
29 30 61 1 0.5182
7 34 31 1 0.1526
17 35 126 1 0.3377
16 17 106 0 0.4636
16 17 149 1 0.5180
14 31 53 1 0.3570
31 38 110 1 0.3289
31 36 169 1 0.3307
10 35 45 1 0.6339
20 37 313 1 0.2837
14 20 72 1 0.6876
15 19 119 1 0.4268
15 20 133 1 0.2575
16 36 171 1 0.7284
9 17 224 1 0.8117
9 34 80 1 0.6864
21 34 102 1 0.6120
11 34 67 1 0.3489
5 26 181 0 0.4062
6 33 41 1 0.6553
6 8 70 1 0.4125
6 10 60 1 0.5857
6 11 72 1 0.3606
6 9 100 0 0.8133
9 34 75 0 0.3802
8 9 108 0 0.0922
9 33 109 0 0.6264
9 16 132 0 0.5260
9 36 377 0 0.4643
7 33 32 1 0.1215
21 33 45 0 0.7123
4 33 77 0 0.1466
4 33 92 1 0.3576
4 29 86 0 0.8518
4 29 128 1 0.0850
4 32 78 0 0.3856
4 32 112 1 0.9572
1 3 299 1 0.5401
2 5 172 1 0.4740
3 5 144 1 0.6962
4 5 147 0 0.7995
5 29 144 0 0.6556
5 12 109 0 0.8937
6 35 108 1 0.9701
7 8 59 1 0.4541
7 9 110 0 0.7081
7 31 127 1 0.6691
8 10 21 1 0.8993
8 11 75 0 0.2959
8 34 32 1 0.5049
8 17 164 1 0.8767
12 23 22 1 0.0740
12 22 29 1 0.4201
12 24 85 1 0.2246
12 28 163 1 0.8353
12 13 236 1 0.8307
26 13 10 1 0.3550
25 13 85 1 0.3366
13 27 161 1 0.0501
12 38 166 0 0.9065
12 14 176 0 0.8434
12 29 70 1 0.0186
17 18 54 1 0.2390
18 14 85 1 0.1421
18 31 89 1 0.8127
18 16 78 0 0.6379
18 36 76 1 0.7957
18 19 126 1 0.9793
18 35 101 1 0.2863
11 14 115 1 0.6190
20 36 121 1 0.9003
18 20 127 1 0.2987
17 14 134 1 0.4442
31 34 175 1 0.7862
8 31 114 1 0.0295
11 31 85 1 0.7290
9 31 201 0 0.0282
15 31 106 1 0.2053
17 31 173 1 0.7152
31 36 169 1 0.0706
25 26 41 0 0.4518
33 34 66 1 0.5749
7 29 70 1 0.7326
11 30 35 1 0.2689
10 30 49 1 0.8484
22 30 76 1 0.7012
12 30 94 1 0.0634
14 30 132 1 0.9114
16 30 129 1 0.3928
6 34 26 1 0.5060
10 34 36 1 0.8841
34 35 82 1 0.7302
11 35 129 1 0.7991
16 35 69 1 0.4018
12 31 198 0 0.6349
12 31 210 1 0.3914
36 38 291 1 0.8643
36 37 407 1 0.6132
36 14 85 1 0.1071
36 15 150 1 0.2488
36 17 101 1 0.1058
23 38 173 1 0.3164
37 38 112 1 0.7361
13 37 224 1 0.8632
24 37 241 1 0.1580
27 37 79 1 0.9263
25 27 254 1 0.7598
20 27 307 1 0.9519
19 27 449 1 0.7675
27 36 507 1 0.9638
22 24 97 1 0.7882
24 26 164 1 0.8718
24 26 109 0 0.1974
13 24 154 1 0.5156
13 22 266 1 0.8167
13 29 300 1 0.8885
5 13 276 0 0.8783
5 13 498 1 0.3130
23 26 220 1 0.9000
23 26 168 1 0.7410
15 16 122 0 0.0854